initial_position:
  orientation:
    w: -0.9993512647640143
    x: 3.6384607060177084e-06
    y: -3.3165374697695436e-06
    z: 0.036014574693134814
  position:
    x: -0.2573636318983885
    y: -1.3056868909529107
    z: 0.0
loading_position:
  orientation: 
    x: -3.408628346696112e-07
    y: 4.9113729437079195e-06
    z: -0.7162284317699927
    w: 0.697865913696936
  position: 
    x: 5.317
    y: -1.9201700822665706
    z: 0.0
