initial_position:
  orientation:
    w: 0.9999999999983471
    x: -4.774215202196404e-07
    y: -7.854498929510898e-07
    z: -1.5688326589317382e-06
  position:
    x: -0.40000012337309976
    y: -1.3999994047015354
    z: 0.0
loading_position:
  orientation:
    w: 0.7181456588479759
    x: -4.817596638090889e-07
    y: 4.899560712108732e-06
    z: -0.6958928169291366
  position:
    x: 5.334639992572463
    y: -2.269670771247173
    z: 0.0
